0
2
4
5
6
7
8
11
12
13
14
16
17
18
19
21
22
24
25
26
27
28
29
30
32
33
34
37
38
39
40
41
42
43
44
45
47
48
49
50
52
53
54
55
56
57
59
60
61
62
63
64
65
67
68
69
70
71
72
74
75
76
77
78
79
81
82
85
87
88
89
90
91
92
93
94
95
96
97
99
101
102
103
104
105
106
108
109
112
113
115
116
117
118
119
120
121
123
124
125
126
127
128
129
130
133
135
136
138
139
140
141
144
145
146
147
148
149
151
152
153
154
155
156
158
159
160
161
162
163
164
165
167
168
170
171
172
174
175
176
178
179
181
182
183
184
186
187
188
190
191
192
193
194
196
199
200
201
202
203
204
206
207
209
210
211
212
213
214
215
218
219
220
221
222
223
224
225
226
227
228
230
231
232
233
234
235
236
237
238
239
240
243
244
245
246
247
248
252
253
254
255
256
257
258
260
262
264
265
267
268
271
272
273
274
276
277
278
279
280
281
282
283
284
285
286
288
289
290
291
292
293
295
296
297
300
301
302
305
306
307
308
309
311
312
313
314
315
316
317
319
320
321
322
324
325
326
327
328
329
330
332
333
334
335
336
337
338
340
341
342
343
344
348
349
351
352
353
354
356
357
358
359
363
366
367
368
369
370
371
372
373
374
375
376
377
378
379
380
381
383
384
385
386
388
389
390
391
392
393
394
395
396
397
398
399
401
402
403
404
407
408
409
410
411
412
413
415
417
418
419
420
421
422
424
425
426
428
429
430
431
432
434
435
436
440
441
442
443
444
445
446
447
449
450
451
454
455
456
457
459
460
461
462
463
464
465
466
467
468
469
470
472
473
474
475
476
478
479
481
482
483
484
485
487
488
490
492
493
494
495
497
498
499
501
502
503
504
505
507
508
509
510
511
513
514
515
516
517
518
519
520
521
522
523
524
526
527
528
529
530
531
533
534
535
536
537
538
539
541
542
543
544
545
